9851110635
9849342227
9841432354
9841432354
9841438664
9851135361
9851004212
9851101080
9860897037
9841102338
9841007930
9841432494
9841495779
9841253315
9741098452
9851124824
9851051862
9851162600
9851064844
9851010383
9851095059
9841632126
9843758172
9841430469
984128523
9841104974
9843530134
9860464960
9841470930
9843529452
9851119376
9851183640
9849261105
9849579030
9841461102
9851027192

9841399091

9841006865
9851073352
9851164464
9841105757
9841441250

9851186600
9851088123
9841535336
9851218411
982324565
9818512088
9813374586
9841704121
9841213857
9841438308
9843041788
9841475152
9841102806
9841849296

9841006001
9841489696
9813055154
9803004685
9841430232
9841432853
9851078413
9741090278
9818152238
9823037238
9851092111
9841488338
9843022440
9841708006
9841525341
9813272890
9841004266
9851084460
9851049109
9851019752
9841371172
9851062626
9851216965
9851130131
9841430448
9860039684
9841797672
9851086900
9849316829
9841482020
9851101267
9849769140
9860464314
9851033607
9849282671
9741231428
9843412010
9841069467
9851162926
9841373487
9841712854
9841488063
9841312299
9841108608
9841933426
9849317399
9841373262
9841000102
9843813814
9849012852
9841337201
9841225909
9841643666
9841459407
9841213402
9841006536
9843573955
9851163809
9851233018
9741234734
9851059661
9879877949
9841422111
9849794962
9841372828
9851177746
9803661976
9843184607
9841472571
9851235555
9851280210
9843518208
9843750125
9841799399
9851044783
9861327283
9851071925
9813166512
9841433474
9849470395
9841632582
9841104222
9841603273
9841049666
9851127986
9841381186
9741018208
9849923960
9843914859
9851057884
9851204416
9851232305
9851040994
9841426607
9851023809
9841252728
9851073708
9841005526
9841420795
9851166255
9851083161
9841786742
9841167646
9841394650
9851130313
9851053897
9841274595
9841672759
9860375614
9851064605
9741157725
9841252055
9849014408
9841100388
9851000496
9741185027
9841334348
9851087972
9841240091
9841651306
9851195333
9841637868
9841432634
9841637094
9851183113
9851069699
9741130400
9861466629
9849261604
9849769140
9841246277
9841388837
9741038395
9751037120
9741007119
9841380977
9860897157
9861218686
9841300575
9808893747
9841416527
9841247644
9841677222
9843187172
9841446668
9851115213
9843185916
9841432448
9841257643
9849684416
9841420821
9851054645
9841388831
9851172276
9841388366
9841841723
9841632105
9861887760
9841879507
9841543366
9843238169
9841388839
9851047128
9851132553
9841443903
9741139219
9851039316
9860286844
9841495020
9851123893
9851065204
9841005756
9851034257
9851196510
9813328175
9849474271
9851034949
9841849191
9841573552
9843424240
9841416558
9851143673
9841508422
9841255590
9851050505
9841401833
9851008372
9841983058
9851097607
9851077432
9851035024
9809158442
9851018491
9808133005
9849480916
9841438308
9741017858
9851096715
9860976800
9808180775
9851284766
9851132964
9841107679
9841608076
9841416567
9741055335
9851103096
9849472416
9851081462
9841014907
9841451031
9845925692
9856040609
9841872881
9841285523
9841380761
9851002808
9851144310
9860887037
9860897037
9841587318
9851052518
9841429846
9849750805
9813808444
9841618191
9851070910
9851076810
9843811176
9862040481
9860897755
9841637997
9807984477
9863645146
9860431553
9849622852
9849579174
9851139833
9851145435
9841293798
9841575354
9841394581
9841231543
9741071057
9860520767
9851037166
9751077077
9851109070
9851091222
9851030595
9843426587
9841420371
9843427673
9808733527
9841673981
9841720826
9851149310
984388481
9841403150
9851231269
9851053919
9841599786
9841276104
9851045085
9841401076
9841314425
9851029938
9841348018
9841416527
9841299201
9851209466
9841107962
9841664212
9849316716
9851601371
9851032848
9841432107
9841416551
9849769525
9860343404
9843532989
9849216208
9851037693
9803567594
9851049833
9849342227
9851218411
9851010383
9841271958
9841488295
9851092111
9851039828
9841776554
9841577920
9841360750
9851081232
9851202970
9841890523
9851026414
9851026014
9841488274
9841312251
9841465887
9841206176
9841477738
9841222146
9849261106
9841104777
9841328419
9841308107
9841385304
9841283191
9841227135
9841604557
9841334703
9841295490
9841000332
9841535336
9841102338
9849349009
9841430469
9841470930
9861233800
9851075336
9841495779
9851004212
9841299365
9841883729
9841215671
9851057805
9841418309
9841495942
9841712854
9803661946
9841372828
9841229735
9841495942
9841712854
9803661976
9841372828
9841229735
9841429952
9849568575
9851073094
9851026894
9851095059
9851124824
9851059330
9851101080
9851077961
9851062626
9841620066
9851143705
9841531497
9841271720
9851052346
9841243416
985104983
9851116950
9851180745
9841427241
9841937375
9841790777
9851122563
9841007210
9843528590
9801077266
9841250999
9841194885
9851151867
9851065724
9851044065
9841910100
9851039720
9849316725
9841272401
9851086327
9841097656
9851074882
9851166775
9851039238
9841529038
9841278955
9841655414
9841784827
9851107342
9841260604
9849292811
9851181481
9841599920
9741002544
1411018
9261327283
9841434461
9841489338
9849349992
9841551904
9813023381
9843529452
9841839578
9841385719
9851105594
9851169272
9841432712
9851171254
9851030674
9841354838
9851082112
9841350027
9841388147
9849134185
9843771755
9841104087
9841648051
9849348557
9849261801
9851117958
9849314774
9851079478
9801035889
9851166633
9851066801
9841670975
9841432422
9841632423
9851075057
9851009235
9843044311
9851063363
9851053181
9851092656
9849577941
9841571009
9851111114
9841343751
9841413532
9849904308
9841605058
9851083566
9801023456
9843460464
9841102467
9866876580
9802122678
9801085102
9851066544
9843188264
9851053286
9851152276
9851169161
9841290337
9741045423
9751058078
9841595021
9860812132
9861158393
9841413364
9818619891
9813701323
9851180333
9851154311
9851020083
9841511019
9855069208
9841566266
9860614830
9841442034
9810337486
9741264146
9851084534
9849574106
9841001274
9741002212
9841038395
9751008484
9849922223
9851049294
9841360429
9841546016
9841290862
9741098452
9851056576
9851051643
14490816
9851072111
9841498493
9843613689
9851073979
9841523582
9841257764
9841104768
9841849296
9851197233
9841804136
9841104274
9843772694
9841056857
9841315909
9841273466
9843711610
9841519287
9851161589
9841460300
9741216655
9851133306
9851081595
9841107102
9841363185
9841349382
9841664776
9841677132
9841431102
9851040327
9841315182
9849750125
9841043434
9841672759
9841799399
9851209990
9841573552
9851282780
9841510690
9841690657
9841257866
9851069673
9841256503
9741301938
9841479442
9841851049
9841239107
9860371124
9849317020
9841132420
9841040960
9843343106
9849282612
9841000102
9851183640
9841388313
9849444888
9841606454
9841495832
9741526650
9849261105
9851016498
9741034926
9749146652
9841401833
9841404036
9741750445
9841107210
1164007
9841502585
9851010635
9841005742
9841428809
1166143
9841005702
9843608027
9849179110
9841131365
9849125391
9849125212
9849125220
9813592749
9741438608
9841411395
9841720682
9841437571
9851084332
9851008930
9841753201
9841615608
9841606515
9841902405
9849013399
9849243076
9851038414
9841392328
9841905723
9849841983
9843597768
9841787901
9851036056
9851055444
9851038321
9841356946
9841432435
9841277527
9851011091
9841007163
9851043422
9841784739
9841434716
9841691048
9849013783
9741027439
9843529073
9841947919
9841392862
9846111606
9741007119
9851240252
9741113958
9818717009
9841477855
9841383426
9851169515
9841242884
9841257958
9841451042
9851014425
9841411918
9841612505
9843279164
9849042424
9841827171
9841707724
9841191335
9841958286
9849125731
9851009499
9860108100
9851123819
9860108644
9849072227
9841477808
9813166519
9849347931
9841006090
9841499435
9841915922
9741001345
9843370982
9851095458
9861088099
9741003155
9818818306
9849318852
9841420152
9851215180
9849093839
9851214404
9813214457
9849922991
011-680735
9841901739
9813093100
9841243458
9849311648
9851122403
9841776554
9841751470
9841414556
9841222307
9841495932
9851053657
9841406835
9841555687
9803895720
9843358737
9841414358
9841049745
9841949892
9849057255
9849320176
9851092270
9841983362
9849472299
9851204821
9841475152
9849721100
9841108980
9841271573
9851039846
9841621072
9849092649
9841950886
9841505731
9841437518
9841420221
9841282989
9851070014
9841440568
9851191985
9841315652
9851027698
9851049825
9841243295
9851000690
9841338470
9851134934
9841096645
9851082140
9841310657
9841108210
9843095940
9741167305
9741114732
9843719414
9841318889
9841027597
9841416536
9841300575
9841439321
9841240780
9851175960
9851030476
9851212750
9851121161
9851046314
9841719660
9841334558
9849317628
9849312693
9851076690
9841605058
9841499389
9851282778
9849851677
9851087233
9808538138
9841040320
9849858825
9851039316
9851226399
9849017988
9851036403
9841670686
9841110078
9851015396
9851073562
9841424131
9841306839
9841106325
9841232312
9843813847
9851053542
9841945145
9849750960
9841628782
9841676072
9860109476
9741020051
9841203058
9841331643
9849261776
9841804747
9841437619
9744036450
9851037709
9851007085
9851058273
9843530450
9841477332
9841529114
9841244289
9849269702
440293
9841108915
9841104270
9851074870
9851062637
9851024026
9851024834
9841337196
9851059125
9851177423
9841429221
9851060066
9841204718
9851049619
9851049627
9851044283
9841240779
9849282612
9841884723
9851054310
9841670727
9801202020
9843044948
9849315509
9841006158
9841104194
9849089572
9841256227
9841269880
9841276686
9851124824
9841849296
9841646598
9841260030
9841006949
9841920165
9843032783
9851100781
9751000213
9851093691


9841418041
9851037980
9841552786
9851175359
9851085709
9851112139
9851083993
9841005142
9741201206
9741225563
9741276000
9808959525
9851095677
9860171730
9851196823
9841425179
9841129799
9851053770
9841603273
9843053832
9851164723
9841452254
9843370669
9849504884
9851090415
9849472416
9741089121
9851051862
9841006865
9841797602
9841005392
9860039684
9843425041
9851103500
9851160929
9841231618
9841257711
9841542433
9841841996
9851041954
9851258076
9841499518
9851119783
9860180861
9841285531
9841956069
9841280942
9851053077
9841849414
9841257600
9851198424
9851010383
9841253315
9851064844
9841632126
9841005756
9841265884
9841201562
9841916903
9841100388
9841307093
9841597272
9841420920
9843167094

9849168842
9841841723
9841055070
9849444583
9841393893
9841340286
9843529216
9849345117
9841607129
9860655880
9841007368
9851001255
9841433823
9841438820
9849635697

9841489770
9841100045
9843532011
9841795947
9841000373
9851186828
9841102085
9851079347
9841428801
9841543149
9849796846
9851032892
9851089167
9849011945
9851169456
9841620335
9849858592
9841463338
9851017571
9841458665
9841511094
9841008400
9841300765
9851002438
9841299213
9818717314
9843528647
9849923787
9860655731
9861594825
9849343515
9843181388
9741217942
9851095415
9741085159
9841668465
9841887765
9849555640
9860347277
9841461548
9841535345
9841104276
9808698382
9823126131
9818031031
9818129813
9808335368
9849042611
9741130400
9841049230
9860108435
9841254960
9849319092
9843048673
9841301052
9841495911
9841455260
9841263167
9841519535
9851160972
9849011945
9849181943
9841693028
9841688358
9841430232
9841432853
9851077133
9849345117
9843424240
9860024821
9841724739
9849626519
9843428790
9851096876
9841025105
9849349872
9851181680
9823334048
9851161377
9851072881
9841520782
9841432692
9841518420
9851008628
9841416571
9846160556
9851031355
9851066942
9851030211
9845100110
9841908454
9841286031
9841373487
9851095158
9851230705
9841109866
11411099
9851063557
9841230559
9813997789
9851059939
9841446709
9841433638
9841396452
9841632582
9851159789
9841396862
9851040322
9861603995
9841511782
9851049924
9804983206
9851046987
9849282671
9841231428
9841652467
9841348522
9841460813
9851209530
9851071925
9861008539
9841791940
9841488131
9841488296
9741042854
9851132732
9841350399
9851199918
9851056975
9851204177
9841378185
9851143273
9843649630
9851056975
9841987011
9841435837
9841528004
9841531636
9851052875
9841571630
9851058338
9841488338
9851010383
9851004212
9851260005
9841100149
9841693235
9849016034
9841793082
9843252336
9841432736
9860180467
9841916023
9841195333
9841861942
9843250118
9841103920
9851093502
9841536906
9849131988
9841613204
9751019474
9841446667
9843567823
9741135977
9851001818
9851131245
9841300884
9841241747
9841334258
9851214708
9860145226
9851100654
9841499607
9818153041
9841106389
664034
9741148688
9843909412
9862791449
9855345114
9808072009
9866877353
9862262057
9751085111
9869019059
9741042369
9851214987
9861210835
9741042302
9862262064
9843914856
9803160023
9851206455
9751083377
9841687278
9841005135
9841692999
9851025957
9841000460
9841106228
9841609915
9860880115
9849161804
9803571707
9803215653
9813270599
9851217177
9841215522
9751007418
9851226897
9841267455
9851238271
9841804077
9849076116
9841725576
9843044371
661232
9841304773
9841865899
9851073380
9851043099
9841108485
9851153458
9849599673
9845247495
9865122716
9611116690
9849473330
9841575877
9844029841
9851005253
9841391442
9741000878
9849961110
9741011761
9741280155
9849926390
9741000323
9841930202
9841581721
9741278515
9741490694
9849750915
9849728166
9861000865
9851003893
9861972245
9849343070
9860894815
9741022243
9860658871
9860653322
9851201106
9860897977
9741003077
9751003508
9849878219
9851021375
9841398907
9741023913
9851016374
9841983472
9841271763
9841204604
9841421791
9841472571
9851063606
9841572141
9841435841
9841520800
9841039807
9851026673
9851142325
9851017241
9851166190
9851178132
9851188413
9851177018
9841196004
9751001014
9841520896
9851040256
9858023189
9841444627
9860895276
9841467475
9841536908
9841560172
9841514303
9841839547
9841139807
9841634868
9841601522
9851070818
9861959540
9840059290
9841688429
9843155553
9803984894
9841057459
9843822494
9849183854
9851067507
9861118003
9841108244
9841105613
9841346308
9841488719
9860655862
9841867147
9841488719
9841230099
9860899088
9851013865
9841593216
9860644427
9851097012
9841575876
9851063047
9851001670
9841430224
9841247503
9841425770
9851190522
9861132245
9841314755
9851026096
9841196696
9851005433
9841218077
9851006785



9843518208
9841292958
11662493
9841585450
9841799399
9849577084
9841543864
9841605121
9841477897
9841446667
9851035465
11662865
9851123814
9851044369
9841295127
9841475152
9851089733
9841131068
9841947683
9841630459
9841572141
9841342165
9849311101
9851019602
9841302890
9851165766
9851072992
9851098209
9841429221
9841204712
9851026990
9841290609
9851060066
9851049619
9851052312
9841282352
9841501576
9818808251
9841265884
9841916903
9851049833
9851115313
9841620066
9843425246
9841260030
9849349992
9818867195
9841283497
9851082875
9851060308
9851075750
9851016692
9860570563
9843758494
9841430383
9841074255
9841878857
9851056975
9841446667
9851015861
9851164587
9851064124
9841519124
9841495787
9841040322
9851049745
9841397376
9841673981
9851054639
9851128004
9851030595
9843426587
9841537229
9802009669
9851162600
9861332133
9851005848
9841736434
9841929960
9841531497
9841654929
9851059330
9851065416
9851025687



9851061132
9851051856
9841412412
9851068826
9841375953
9841398513
9841694517
985109530
9841102689
9841753769
9818717461
9849269798
9841573864
9841313082
9741010823
9851175444
9843518208
9841467475
9851064577
9851116630
9841460813
9849568575
9851032084
9851112067
9851164723
9849341079
9851132580
9841389306
9741257778
9841288246
9851195944
9841273366
9841555675
9851108064
9741010823
11660551
9841283618
9741023913
9841950670
9841928367
9851195143
9841074802
9851035465
9849470717
9851070880
9851061184
9841243458
9849576301
9851062149
9841102020
9841520799
9813852737
9843425900
9841290609
9841805784
9814284314
9841117037
9851116503
9841551904
9841472545
9849877503
9841347858
9841699074
9841353123
9841416786
9851096876
9851116950
9751016271
9851068346
9841334450
9813715373
9843170400
9843758164
9858023189
9851194300
9843729357
9811145737
9841807513
9841914031
9851052346
9851030476
9841300757
9841283131
9841439471
9841494397
9841673981
9851055337
9841431306
9860887863
9841432634
9841369286
9841420371
9841534229
9841750826
9841305678
9841168769
9849128334
9808277356
9841437415
9843426587
9860069494
9843427673
9818155373
9841690657
9851104410
9841446148
9841629966
9843251150
9841257714
9851174124
9841247503
9851072582
9851157982
9841055070
9841006645
9841209930
9843812234
9843425041
9851033829
9841534229
9851012153
9841423305
9849262112
9851145286
9841542764
9843185858
9841285305
9801107766
9841005673
9841483668
9851089261
9851038955
9851093459
9851154307
9841871290
9810318661
9851029426
9841300862
9841753017
11662450
9841551172
9851065288
9851103500
9841514677
9849797980
9841255590
9841250993
9841233531
9851205176
9843568140
9851023008
9841269933
9841835120
9851047043
9841426212
9851045408
9813206072
9851085821
9841310312
9851043180
9851055132
661916
9851016110
9851246094
9841896705
9852678166
9851095163
9851068688
9860025471
9841257611
9841096364
9843568050
9841416564
9851079335
9851027568
9851280327
9851033840
9851083008
9841518660
9851199552
9851048016
9851096351
9841398314
9841213080
9841358563
9851073708
9841573864
9751017704
9843032598
9841559116
9741017301
9841590541
9841527699
9841044332
9741001275
9851042576
9841329134
9841391402
9851072758
9861113360
9851096055
9841293503
9851030348
9818011799
9843387958
9841022135
9851085535
9851236756
9841326299
9851061503
9841786742
9851095052
9865072796
9841387394
9851055021
9841437619
9860180324
9842061236
9841859187
9860656900
9860935227
9813745179
9849923425
9841005577
9851243784
9861812327
9843602665
9841280493
9841680223
9841005526
9860069533
9841871997
9818912373
9841209070
9843071887
9841452578
9841680220
9841491656
9841662212
9851899779
9841495258
9841767529
9841514677
9841412576
9841512765
9851011072
9851195398
9851049109
9851056342
9851189111
9841614145
9843178146
9843613689
9841143467
9841238131
9808718154
9841007686
9841103709
9849877949
9851123819
9841753017
9849342227
9851135361
9841300862
9808659580
9843185837
9841477453
9849572182
9841288591
9843001120
9849342227
9841590771
9841901301
9861722045
9849570396
9843051980
9841243521
9841276762
9843374099
9841804136
9841494613
9849245832
9841710515
9841390476
9841446667
9841556654
9851049833
9841397217
9841501954
9841909433
9841562777
9850065629
9841250940
9841274388
9841543527
9841233531
9851019469
9841295658
9841256831
9841693921
9841000271
9851161223
9851116650
9851155556
9851077961
9817515404
9851015112
9851015671
9851089249
9851032064
9851053045
9851007489
9851064590
9841308264
9851094435
9851066424
9851035460
9849458425
9741200993
9851084825
9841237744
9851058337
9858421111
9851021123
9851162642
9851021017
9851061971
9851059661
9841007140
9851008857
9851032978
9851090572
9851067044
9851110635
9741000444
9741257592
9851020944
9843317326
9849316454
9741155756
9851212307
9841543139
9841578064
9841036011
9841197712
9841459172
9841937565
9849269530
9843217305
9841034428
9848032185
9840342636
9849922810
9841394122
9801030180
9841005536
9841004857
9841825307
9860024496
9849292517
9841568639
9841607248
9841102155
9851121085
9841080273
9860366337
9841420336
9860804910
9851216965
9851033687
9841909850
9851156637
9841384786
9851215899
9841848240
9851000748
9851034126
9851069021
9851022497
9851070972
9841476767
9841131013
9841300870
9849108805
9841340332
9841525613
9849794962
9851129376
9861555588
9843425021
4224027
9841621599
9813374586
9851092365
9841255662
9851174372
9851074535
9851204416
9849348993
9865122721
9849472034
9741003224
9841203624
9841612678
9841694514
9841501576
9841108608
9851030224
9843252915
9841006645
9818472028
9849804228
9849687550
9849342555
9741103481
9849796145
9841104544
9860440095
9851032042
9801053899
9841258087
9849349074
9849042611
9851215381
9860653223
9843281826
9861818304
9860431676
9861114347
9851177749
9818112958
9865122718
9860858592
9863801233
9865064092
9841129951
9843829758
9861210837
9841104545
9841102887
9860656731
9852670288
985113406
9842026251
9841334782
9851082992
9851123893
9841478294
9841271064
16614226
9841038394
9841100241
9841442981
9851144885
9841187244
9841715755
9849684434
9841382370
9841371160
9851054645
9841247537
9851050642
9851022253
9841514888
9813456282
9841100318
9818571013
9851007699
9851021041
9860260991
9861655932
9808456370
9851729929
9851172993
9741487623
9843759289
9841047183
9841708320
9851153066
9841426012
9841794748
9841108859
9849464869
9849217222
9818484427
9641205370
9841159765
9813470854
9808663882
9841006536
9849269042
9849330552
9860464064
9841421738
9751078800
9849283191
9851081011
9741283490
9803232355
9841478817
9823024076
9843429840
9741143843
9851172135
9841026781
9741104895
9860108299
9851178987
9841450907
9841334113
9841347559
9851169180
9851157778
9851147336
9841817596
9851098164
9841264262
9851092380
9851157705
9847633899
9841358554
9851044896
9849572793
9841073621
9851042604
9851047128
9841049210
9851015061
9843909485
9843417753
9849349870
9841543440
9841294941
9851145961
9851071508
9803173663
9851044048
